naphthalene in ethanol
 720
   59NAP     C1 1045   0.964   1.352   7.558  0.1023 -0.4763 -0.5674
   59NAP     C2 1046   1.044   1.456   7.617  0.1699 -0.3459 -0.3995
   59NAP     C3 1047   1.033   1.494   7.753 -0.0586 -1.1166  0.1258
   59NAP     C4 1048   0.937   1.452   7.974  0.0654  0.3754 -0.3118
   59NAP     C5 1049   0.850   1.376   8.053  0.1582 -0.1052 -0.0330
   59NAP     C6 1050   0.893   1.272   7.648  0.0559 -0.2775 -0.7453
   59NAP     C7 1051   0.781   1.266   7.998  0.1253  0.5927 -0.2022
   59NAP     C8 1052   0.950   1.416   7.838 -0.1181 -0.2166 -0.3886
   59NAP     C9 1053   0.885   1.303   7.784  0.6514 -1.0116 -0.2775
   59NAP    C10 1054   0.802   1.225   7.865 -0.0603 -0.0565 -0.2302
   59NAP     H1 1055   0.964   1.332   7.451 -0.7244 -1.1004 -0.4611
   59NAP     H2 1056   1.105   1.519   7.553 -1.0390 -1.4314 -2.7577
   59NAP     H3 1057   0.825   1.191   7.621  0.9406 -0.7732 -1.5265
   59NAP     H4 1058   1.094   1.577   7.788  0.9380 -1.1383 -1.4808
   59NAP     H5 1059   0.999   1.533   8.014 -0.2075  1.5518 -2.1471
   59NAP     H6 1060   0.829   1.391   8.158 -1.4338 -0.5544 -0.2549
   59NAP     H7 1061   0.722   1.197   8.058 -0.9626  0.4593 -1.3674
   59NAP     H8 1062   0.765   1.128   7.833  1.9820 -0.7205 -0.7323
   60NAP     C1 1063   0.372   1.699   8.058 -0.6521  1.2879 -1.0519
   60NAP     C2 1064   0.459   1.599   8.091 -0.0470  0.2558 -0.2934
   60NAP     C3 1065   0.538   1.546   7.994  0.5546  0.6351 -0.5647
   60NAP     C4 1066   0.622   1.551   7.760  0.3580 -0.1553 -0.2220
   60NAP     C5 1067   0.623   1.622   7.642 -0.2273  0.3702 -0.2430
   60NAP     C6 1068   0.374   1.761   7.936  1.0799  0.2627 -0.8890
   60NAP     C7 1069   0.559   1.742   7.626  0.3265  0.0933  0.2857
   60NAP     C8 1070   0.540   1.599   7.864  0.2934  0.2620 -0.9177
   60NAP     C9 1071   0.456   1.715   7.841  0.2778  0.9722  0.5484
   60NAP    C10 1072   0.460   1.782   7.715  0.7331  0.2416  0.0567
   60NAP     H1 1073   0.305   1.743   8.131 -3.6262 -1.5431 -1.8287
   60NAP     H2 1074   0.450   1.559   8.192  0.4856 -2.1206 -1.1342
   60NAP     H3 1075   0.305   1.842   7.913 -0.0131 -0.6012 -0.7336
   60NAP     H4 1076   0.602   1.461   8.018 -0.7122  0.2067  1.5685
   60NAP     H5 1077   0.681   1.461   7.777  1.4810  0.5875 -0.0782
   60NAP     H6 1078   0.683   1.573   7.565 -1.4148 -0.6455 -0.5432
   60NAP     H7 1079   0.579   1.801   7.537  1.7638 -1.3363 -0.3805
   60NAP     H8 1080   0.390   1.863   7.695 -1.7118 -2.1839 -1.7797
   61NAP     C1 1081   1.845   1.395   7.610  0.0150  0.4081 -0.0689
   61NAP     C2 1082   1.879   1.520   7.666  0.2091  0.1679 -0.3142
   61NAP     C3 1083   1.849   1.541   7.799 -0.3595 -0.1754 -0.5073
   61NAP     C4 1084   1.748   1.477   8.009  0.2120  0.6638 -0.4335
   61NAP     C5 1085   1.668   1.390   8.083  0.3862 -0.5684  0.0219
   61NAP     C6 1086   1.764   1.308   7.684  0.2522  0.2034  0.6554
   61NAP     C7 1087   1.618   1.270   8.018 -0.3007 -0.5668 -0.6704
   61NAP     C8 1088   1.779   1.451   7.875 -0.0790  0.1227 -0.1992
   61NAP     C9 1089   1.733   1.335   7.819  0.9170  0.5881  0.3459
   61NAP    C10 1090   1.654   1.244   7.888  1.1439  0.7360 -0.2315
   61NAP     H1 1091   1.870   1.377   7.506  1.3411  1.1738  0.0873
   61NAP     H2 1092   1.928   1.593   7.601  1.3704 -1.5103 -1.3867
   61NAP     H3 1093   1.713   1.219   7.646  1.7792 -1.3942  2.1173
   61NAP     H4 1094   1.871   1.637   7.846  0.5461 -1.4420  1.8299
   61NAP     H5 1095   1.784   1.569   8.054 -0.4406  0.2407  1.0116
   61NAP     H6 1096   1.644   1.404   8.188 -0.1750 -1.1481 -0.0246
   61NAP     H7 1097   1.544   1.209   8.069 -1.8560  1.9189  0.1982
   61NAP     H8 1098   1.606   1.157   7.843  0.9371  0.5905  0.2716
   62NAP     C1 1099   0.379   1.160   8.095 -0.6578  0.0342 -0.5421
   62NAP     C2 1100   0.430   1.028   8.117  0.1375 -0.1369  0.3033
   62NAP     C3 1101   0.492   0.958   8.014  0.1887  0.0374 -0.4583
   62NAP     C4 1102   0.559   0.949   7.773 -0.4054  0.1984  0.2483
   62NAP     C5 1103   0.577   1.007   7.647 -0.1994 -0.2571 -0.7315
   62NAP     C6 1104   0.394   1.213   7.970 -0.3762 -0.0506 -0.2253
   62NAP     C7 1105   0.529   1.137   7.635 -0.5926 -0.0262 -0.2196
   62NAP     C8 1106   0.504   1.015   7.879  0.4022 -0.3212 -0.2587
   62NAP     C9 1107   0.465   1.147   7.866  0.6140 -0.0450  0.0308
   62NAP    C10 1108   0.480   1.205   7.743 -0.2635  0.2203  0.5091
   62NAP     H1 1109   0.314   1.212   8.164 -1.3101 -1.6036  0.1336
   62NAP     H2 1110   0.414   0.987   8.217 -3.4151  3.3828  1.4326
   62NAP     H3 1111   0.348   1.310   7.951 -0.8358  0.2006  1.9090
   62NAP     H4 1112   0.522   0.854   8.026 -0.7573 -0.0058  2.0341
   62NAP     H5 1113   0.594   0.849   7.795  0.5216  0.1518 -1.3326
   62NAP     H6 1114   0.605   0.946   7.562  1.6666  0.3245 -0.5848
   62NAP     H7 1115   0.543   1.192   7.542  0.6829  0.1589  0.0726
   62NAP     H8 1116   0.452   1.310   7.745  0.5362  0.4322  0.8127
   63NAP     C1 1117   0.370   0.026   8.037  0.2716 -0.1655  0.3047
   63NAP     C2 1118   0.406   2.883   8.086  0.2628  0.1965 -0.5660
   63NAP     C3 1119   0.473   2.794   8.003 -0.0579  0.0924 -0.0668
   63NAP     C4 1120   0.570   2.731   7.790  0.1674  0.2242  0.0432
   63NAP     C5 1121   0.608   2.767   7.657 -0.0189 -0.3350 -0.4667
   63NAP     C6 1122   0.404   0.057   7.907  0.3427  0.5880  0.2732
   63NAP     C7 1123   0.580   2.899   7.616 -0.7562  0.5517 -0.9833
   63NAP     C8 1124   0.506   2.823   7.871  0.1616  0.3165  0.0297
   63NAP     C9 1125   0.475   2.948   7.827  0.7054 -1.2870  0.0769
   63NAP    C10 1126   0.518   0.005   7.698  0.2650  0.7123 -0.5568
   63NAP     H1 1127   0.332   0.104   8.101 -1.1988 -0.7177  0.1429
   63NAP     H2 1128   0.402   2.854   8.191 -0.1622  0.5811 -0.4720
   63NAP     H3 1129   0.376   0.151   7.860  0.5955 -0.8953 -3.1639
   63NAP     H4 1130   0.477   2.694   8.045 -0.0252  0.3788  0.6287
   63NAP     H5 1131   0.600   2.632   7.822  2.0647  0.5467 -0.6034
   63NAP     H6 1132   0.661   2.702   7.588  3.1305  1.7412 -0.2400
   63NAP     H7 1133   0.615   2.931   7.518  1.8444 -0.1711 -0.3833
   63NAP     H8 1134   0.511   0.110   7.669  2.8537  1.3088  0.6226
   64NAP     C1 1135   2.857   2.380   8.084  0.3121  0.4888 -0.1362
   64NAP     C2 1136   2.899   2.251   8.121 -0.4255 -0.0697 -0.0756
   64NAP     C3 1137   2.958   2.169   8.027  0.0353  0.2711  0.0064
   64NAP     C4 1138   3.049   2.143   7.803 -0.6102  0.7588  0.0218
   64NAP     C5 1139   3.070   2.195   7.677  0.0244  0.4908  0.7365
   64NAP     C6 1140   2.873   2.432   7.960  0.3816  0.5500 -0.3205
   64NAP     C7 1141   3.037   2.330   7.651 -0.7056 -0.1122  0.5596
   64NAP     C8 1142   2.985   2.220   7.900 -1.0700  0.0979 -0.5374
   64NAP     C9 1143   2.939   2.350   7.869 -0.0372  0.5702  0.2074
   64NAP    C10 1144   2.964   2.403   7.743 -0.0103 -0.5316  0.7890
   64NAP     H1 1145   2.801   2.441   8.155 -1.3689 -0.1516 -0.8644
   64NAP     H2 1146   2.895   2.211   8.222  0.0333 -0.1882 -0.0985
   64NAP     H3 1147   2.841   2.535   7.946 -2.6221 -0.2829 -0.2666
   64NAP     H4 1148   2.999   2.071   8.050 -0.2245  0.1794  0.0869
   64NAP     H5 1149   3.070   2.041   7.834 -0.7102  1.4332  2.4518
   64NAP     H6 1150   3.118   2.142   7.595 -3.6248  1.3808 -2.2261
   64NAP     H7 1151   3.068   2.367   7.554 -0.3981  0.0155  0.7032
   64NAP     H8 1152   2.926   2.502   7.720 -0.1104 -0.9467 -0.9193
   65NAP     C1 1153   0.968   0.819   7.594 -0.3599 -0.3380 -0.1661
   65NAP     C2 1154   1.008   0.937   7.644 -0.1387  0.7693 -0.6999
   65NAP     C3 1155   1.010   0.965   7.780 -0.0579  0.0827 -0.3209
   65NAP     C4 1156   0.945   0.892   8.009 -0.1793  0.7119  0.2012
   65NAP     C5 1157   0.890   0.791   8.091  0.0559 -0.3779  0.1411
   65NAP     C6 1158   0.918   0.720   7.678 -0.3083  0.5693  0.2314
   65NAP     C7 1159   0.849   0.671   8.036 -0.8282 -0.1153 -0.0344
   65NAP     C8 1160   0.953   0.870   7.870  0.6965 -0.7807  0.2408
   65NAP     C9 1161   0.912   0.747   7.812 -0.2937 -0.4312 -0.6410
   65NAP    C10 1162   0.865   0.646   7.899  0.0804 -0.0849 -0.5159
   65NAP     H1 1163   0.992   0.800   7.490  2.0067 -0.4108  0.3192
   65NAP     H2 1164   1.061   1.002   7.576  1.9275  0.6539  0.7009
   65NAP     H3 1165   0.891   0.623   7.638 -0.2921 -0.5151  2.6477
   65NAP     H4 1166   1.048   1.059   7.821 -0.4649  0.0786  0.0753
   65NAP     H5 1167   0.983   0.985   8.049  0.8572  0.0055  0.8945
   65NAP     H6 1168   0.857   0.814   8.192 -1.1811  0.0832 -0.3446
   65NAP     H7 1169   0.793   0.600   8.097  0.2473 -1.5254 -0.6348
   65NAP     H8 1170   0.835   0.551   7.855 -0.4350  0.0016 -0.3575
   66NAP     C1 1171   1.796   0.736   7.617 -0.5025 -0.0659 -0.2617
   66NAP     C2 1172   1.833   0.871   7.645  0.0181 -0.1033  0.6231
   66NAP     C3 1173   1.806   0.924   7.774  0.4622  0.3534 -0.3065
   66NAP     C4 1174   1.697   0.896   7.996  0.5266 -0.3014  0.2986
   66NAP     C5 1175   1.617   0.820   8.083  0.5946 -0.1448 -0.2943
   66NAP     C6 1176   1.721   0.664   7.710  0.3757 -0.0346  0.4095
   66NAP     C7 1177   1.574   0.692   8.047  0.0786 -0.3841  0.1502
   66NAP     C8 1178   1.736   0.848   7.869  0.8467 -0.3664  0.3926
   66NAP     C9 1179   1.690   0.721   7.837  0.0490  0.9426  0.5592
   66NAP    C10 1180   1.610   0.643   7.926  0.1454  0.6543  0.1368
   66NAP     H1 1181   1.814   0.693   7.519  0.7275 -1.2111  0.4381
   66NAP     H2 1182   1.888   0.923   7.567  0.2244 -1.8259 -0.4536
   66NAP     H3 1183   1.679   0.567   7.688  1.4316 -0.5616  0.6467
   66NAP     H4 1184   1.832   1.025   7.805 -0.3063 -0.2024  2.3979
   66NAP     H5 1185   1.726   0.997   8.025 -0.5691  1.1565 -3.1413
   66NAP     H6 1186   1.580   0.853   8.180 -0.1291 -1.9800  0.0989
   66NAP     H7 1187   1.506   0.631   8.107  0.2401 -0.6330  0.0830
   66NAP     H8 1188   1.591   0.537   7.906 -0.7296  0.6918  0.7368
   67NAP     C1 1189   0.369   2.381   8.060 -0.6552 -0.0275  0.1421
   67NAP     C2 1190   0.423   2.263   8.115 -0.4074 -0.7463  0.2642
   67NAP     C3 1191   0.482   2.168   8.038 -0.3840 -0.0773 -0.4333
   67NAP     C4 1192   0.569   2.101   7.823  0.0577 -0.3667  0.0506
   67NAP     C5 1193   0.603   2.135   7.696 -0.0325  0.4128  0.2433
   67NAP     C6 1194   0.385   2.405   7.924  0.0713 -0.0476  0.1569
   67NAP     C7 1195   0.555   2.253   7.637  0.1670 -0.8091  0.1684
   67NAP     C8 1196   0.495   2.191   7.906  0.3647  0.6463  0.5279
   67NAP     C9 1197   0.450   2.313   7.846  0.0120 -0.2971 -0.1857
   67NAP    C10 1198   0.477   2.337   7.713  0.1314  0.1216  0.0045
   67NAP     H1 1199   0.318   2.460   8.113  1.0166  0.5377  0.9983
   67NAP     H2 1200   0.405   2.237   8.219 -0.0045 -1.9426  0.0563
   67NAP     H3 1201   0.358   2.504   7.889 -1.6613 -0.9161 -1.0768
   67NAP     H4 1202   0.517   2.075   8.081 -0.3689 -0.2294 -0.7716
   67NAP     H5 1203   0.589   2.002   7.864  0.9589  0.2392  1.1536
   67NAP     H6 1204   0.647   2.064   7.626 -0.1465 -0.7718  1.3356
   67NAP     H7 1205   0.576   2.268   7.531 -0.0295  1.1896  0.3592
   67NAP     H8 1206   0.432   2.426   7.670  1.1355  1.2987  1.3196
   68NAP     C1 1207   0.948   2.552   7.590  0.7042  0.4110 -0.1845
   68NAP     C2 1208   0.996   2.674   7.638  0.2470 -0.0081 -0.1768
   68NAP     C3 1209   0.984   2.705   7.775  0.8557 -0.4617  0.8470
   68NAP     C4 1210   0.886   2.677   7.994  0.0242 -0.3485 -0.6623
   68NAP     C5 1211   0.829   2.593   8.090  0.4153 -0.5318  0.5776
   68NAP     C6 1212   0.882   2.468   7.685  0.2405  0.4845  0.2694
   68NAP     C7 1213   0.784   2.474   8.041 -0.6648  0.4855 -0.2490
   68NAP     C8 1214   0.918   2.628   7.861  0.2941  0.5123 -0.1886
   68NAP     C9 1215   0.872   2.508   7.819  0.1950  0.2580  0.1254
   68NAP    C10 1216   0.797   2.433   7.910 -0.8929  0.2303 -0.5186
   68NAP     H1 1217   0.956   2.526   7.485 -0.5745  1.8796 -0.6729
   68NAP     H2 1218   1.046   2.743   7.570  0.1638 -0.5376 -0.7877
   68NAP     H3 1219   0.846   2.370   7.659 -2.6174  1.1499  1.3601
   68NAP     H4 1220   1.020   2.802   7.809 -0.2497 -0.1964  1.2855
   68NAP     H5 1221   0.919   2.776   8.025 -2.7422  0.7204 -0.8293
   68NAP     H6 1222   0.791   2.621   8.188 -0.9028  1.2528 -0.3765
   68NAP     H7 1223   0.727   2.409   8.108 -2.9468  0.3616 -2.2162
   68NAP     H8 1224   0.749   2.342   7.873 -1.6309  0.3882  0.0198
   69NAP     C1 1225   2.620   0.791   7.647  1.2115 -0.1414 -0.5205
   69NAP     C2 1226   2.678   0.911   7.699 -0.0920  0.0927 -0.3224
   69NAP     C3 1227   2.654   0.938   7.838 -0.0340 -0.4575  0.1235
   69NAP     C4 1228   2.572   0.875   8.052  0.3664  0.2409 -0.7495
   69NAP     C5 1229   2.499   0.782   8.127 -0.1346 -0.8412  0.8795
   69NAP     C6 1230   2.541   0.708   7.726 -0.1243  0.2648 -0.1358
   69NAP     C7 1231   2.448   0.666   8.080  0.8465 -0.1787 -0.7336
   69NAP     C8 1232   2.585   0.849   7.919  0.3193 -0.5571  0.0243
   69NAP     C9 1233   2.532   0.734   7.862  0.2531 -0.3161  0.6194
   69NAP    C10 1234   2.464   0.638   7.940  0.1713  0.2683  0.8450
   69NAP     H1 1235   2.639   0.772   7.542 -0.1385  0.6389 -0.9420
   69NAP     H2 1236   2.734   0.976   7.631 -2.7490 -0.3663 -3.2100
   69NAP     H3 1237   2.504   0.615   7.684  1.3829 -1.5548  2.2832
   69NAP     H4 1238   2.699   1.025   7.886 -0.0301  0.2770 -1.1760
   69NAP     H5 1239   2.602   0.968   8.101 -0.4051 -0.7971  1.8559
   69NAP     H6 1240   2.505   0.807   8.233  1.4074  3.6054 -0.0205
   69NAP     H7 1241   2.397   0.595   8.144  0.7488  1.2602  0.8302
   69NAP     H8 1242   2.424   0.547   7.897  1.9930  0.1027 -0.6159
   70NAP     C1 1243   2.005   0.037   8.023  0.8417  0.4749 -0.1206
   70NAP     C2 1244   2.011   2.901   8.101 -0.3830 -0.1443  0.3168
   70NAP     C3 1245   2.072   2.785   8.052  0.4199  0.0214 -0.0609
   70NAP     C4 1246   2.216   2.688   7.875  0.3267  0.9348 -0.2716
   70NAP     C5 1247   2.282   2.713   7.757 -0.3368  0.6339 -0.3610
   70NAP     C6 1248   2.048   0.040   7.894  0.0861  0.2681  0.2371
   70NAP     C7 1249   2.258   2.827   7.681  0.4157  0.0277 -0.2127
   70NAP     C8 1250   2.130   2.792   7.924 -0.0967 -0.2903 -0.5549
   70NAP     C9 1251   2.124   2.913   7.851  0.1964 -0.2188  0.4629
   70NAP    C10 1252   2.184   2.931   7.726  0.6794  0.1616  0.0110
   70NAP     H1 1253   1.955   0.125   8.060 -1.4512 -1.1184  0.7968
   70NAP     H2 1254   1.974   2.900   8.203 -1.7841 -1.8711 -0.1517
   70NAP     H3 1255   2.037   0.129   7.833 -2.1209  1.3881  2.1649
   70NAP     H4 1256   2.076   2.691   8.106 -1.4877 -0.3649 -0.5339
   70NAP     H5 1257   2.239   2.593   7.922 -0.2152  1.5182  1.2210
   70NAP     H6 1258   2.352   2.638   7.722  0.5745  0.3498  1.8569
   70NAP     H7 1259   2.298   2.835   7.580 -1.6319  0.8114 -1.0153
   70NAP     H8 1260   2.188   0.041   7.673  2.6151  0.3282  0.4051
   71NAP     C1 1261   1.162   2.423   8.009  0.6321  0.1164  0.2119
   71NAP     C2 1262   1.205   2.305   8.066 -0.1045 -0.3466 -0.3084
   71NAP     C3 1263   1.285   2.214   7.990  0.4177 -0.0752 -0.4573
   71NAP     C4 1264   1.390   2.150   7.783  0.1808 -0.3013 -0.2285
   71NAP     C5 1265   1.424   2.191   7.653  0.3360  0.1713  0.2043
   71NAP     C6 1266   1.201   2.458   7.885  0.0742  0.0448 -0.4824
   71NAP     C7 1267   1.384   2.315   7.602  0.0414  0.5156 -0.4011
   71NAP     C8 1268   1.317   2.238   7.859  1.0347  0.3397  0.2060
   71NAP     C9 1269   1.276   2.369   7.810  1.1896  0.2114 -0.8304
   71NAP    C10 1270   1.304   2.401   7.680 -0.2105  0.3629 -0.0013
   71NAP     H1 1271   1.089   2.486   8.059  1.6685  1.4708  0.0483
   71NAP     H2 1272   1.164   2.269   8.160 -0.1391 -0.7644 -0.4778
   71NAP     H3 1273   1.170   2.558   7.854 -1.2682  0.1710  1.1413
   71NAP     H4 1274   1.323   2.119   8.026  2.0499  0.8189  0.2991
   71NAP     H5 1275   1.418   2.057   7.832 -2.4999  0.2385  2.6253
   71NAP     H6 1276   1.481   2.118   7.597  1.6965 -0.0662  1.8287
   71NAP     H7 1277   1.414   2.340   7.500 -0.0911 -0.6844 -0.7523
   71NAP     H8 1278   1.267   2.496   7.643 -0.9403 -0.2614 -0.9189
   72NAP     C1 1279   1.794   0.185   7.631  0.0691 -0.7673 -0.8561
   72NAP     C2 1280   1.840   0.301   7.684 -0.1972  0.5996 -0.0738
   72NAP     C3 1281   1.813   0.330   7.817 -0.6613  0.4772  0.4363
   72NAP     C4 1282   1.725   0.270   8.036 -0.4652 -0.0993 -0.9660
   72NAP     C5 1283   1.666   0.167   8.113 -0.2303  0.2517  0.1196
   72NAP     C6 1284   1.732   0.087   7.712 -0.2871 -0.0316  0.1407
   72NAP     C7 1285   1.632   0.043   8.064 -0.1323  0.2837 -0.0385
   72NAP     C8 1286   1.744   0.244   7.898 -0.5272 -0.5330  0.0836
   72NAP     C9 1287   1.703   0.119   7.845 -0.5474  0.5056  0.3066
   72NAP    C10 1288   1.656   0.016   7.929 -0.4763 -0.4654 -0.0094
   72NAP     H1 1289   1.817   0.160   7.528 -0.9773  0.5098 -1.4215
   72NAP     H2 1290   1.887   0.378   7.623  1.6325 -0.1446  0.3513
   72NAP     H3 1291   1.700   2.974   7.675 -0.2878  0.2021 -0.4880
   72NAP     H4 1292   1.856   0.421   7.859 -1.2589  0.2183  1.6605
   72NAP     H5 1293   1.758   0.364   8.078 -0.4466 -0.3110 -0.5017
   72NAP     H6 1294   1.643   0.201   8.213 -0.8090  2.9172 -0.8290
   72NAP     H7 1295   1.592   2.948   8.127 -1.1362 -0.6345 -1.7511
   72NAP     H8 1296   1.634   2.901   7.892 -1.9641 -0.1590 -0.0113
   73NAP     C1 1297   2.802   2.969   8.059 -0.2219  0.4733  0.0491
   73NAP     C2 1298   2.869   2.857   8.115  0.2346 -0.3095 -0.6692
   73NAP     C3 1299   2.940   2.774   8.031  0.0156  0.6299 -0.5170
   73NAP     C4 1300   3.050   2.732   7.826 -0.5216  0.5274  0.5170
   73NAP     C5 1301   3.088   2.768   7.696 -0.3115 -0.2341  0.6132
   73NAP     C6 1302   2.837   0.030   7.935 -0.3438 -0.1379 -0.3060
   73NAP     C7 1303   3.036   2.891   7.645  0.1291 -0.0988  0.3149
   73NAP     C8 1304   2.971   2.810   7.902 -0.1583  0.9451  0.1632
   73NAP     C9 1305   2.930   2.934   7.861  0.1818  0.0407  0.2591
   73NAP    C10 1306   2.951   2.968   7.726  0.1375  0.2998 -0.1736
   73NAP     H1 1307   2.736   0.039   8.126  0.7084  0.3897  1.0650
   73NAP     H2 1308   2.842   2.819   8.213 -0.4951  1.8378  0.0323
   73NAP     H3 1309   2.794   0.125   7.906  1.1728  1.8090  3.2227
   73NAP     H4 1310   2.982   2.682   8.071  0.3558  0.1328 -1.9570
   73NAP     H5 1311   3.087   2.636   7.862 -0.9849 -0.1831 -0.8613
   73NAP     H6 1312   3.148   2.705   7.631  1.6906  3.3289 -1.3417
   73NAP     H7 1313   3.046   2.913   7.539  1.9263 -0.0082  0.4699
   73NAP     H8 1314   2.907   0.079   7.697 -0.1368  0.3705  0.4562
   74NAP     C1 1315   0.985   0.127   7.608 -0.1263  0.2412 -0.7592
   74NAP     C2 1316   1.021   0.254   7.634 -0.2947 -0.2454 -0.7758
   74NAP     C3 1317   0.994   0.308   7.759  0.3919  0.5451 -0.2115
   74NAP     C4 1318   0.906   0.283   7.983 -0.8218 -0.4126 -0.1810
   74NAP     C5 1319   0.840   0.202   8.082 -0.0131 -0.5456 -0.1254
   74NAP     C6 1320   0.908   0.048   7.698 -0.1550  1.1326  0.4009
   74NAP     C7 1321   0.795   0.071   8.050  0.3219  0.4469  0.5661
   74NAP     C8 1322   0.927   0.228   7.858  0.2367 -0.0004 -0.8782
   74NAP     C9 1323   0.876   0.101   7.821 -0.4142  0.0120 -0.6850
   74NAP    C10 1324   0.799   0.024   7.918 -0.6423 -0.2100  0.5282
   74NAP     H1 1325   1.026   0.091   7.514  1.1983  0.5897 -0.3302
   74NAP     H2 1326   1.092   0.305   7.570 -1.3437  1.3130 -0.7570
   74NAP     H3 1327   0.864   2.944   7.653  0.7441  0.9243 -0.0746
   74NAP     H4 1328   1.027   0.410   7.780 -1.4407  1.1993 -0.3114
   74NAP     H5 1329   0.951   0.380   8.005  1.8427 -1.3111 -1.3119
   74NAP     H6 1330   0.831   0.238   8.184 -2.0208 -3.2408  0.7562
   74NAP     H7 1331   0.756   0.006   8.128 -0.2394 -1.2654 -1.0677
   74NAP     H8 1332   0.759   2.912   7.891 -0.6806  0.0189 -0.2766
   75NAP     C1 1333   2.649   1.973   7.704  0.3207 -0.5717  0.5307
   75NAP     C2 1334   2.694   2.093   7.759 -0.5448 -0.0832 -0.1111
   75NAP     C3 1335   2.663   2.130   7.891 -0.1668  0.9149 -0.5315
   75NAP     C4 1336   2.560   2.077   8.110  0.0447 -0.2594  0.6360
   75NAP     C5 1337   2.477   1.985   8.184 -0.0724 -0.8284  0.6264
   75NAP     C6 1338   2.576   1.887   7.785  0.3335 -0.0566  0.1737
   75NAP     C7 1339   2.453   1.860   8.123  0.1846  0.0543 -0.4523
   75NAP     C8 1340   2.591   2.039   7.976 -0.4385 -0.2897 -0.0409
   75NAP     C9 1341   2.547   1.917   7.918 -0.7791  0.1065  0.0400
   75NAP    C10 1342   2.489   1.821   7.997 -0.4454 -0.0682 -0.2875
   75NAP     H1 1343   2.676   1.949   7.602 -1.6370 -0.9303  0.0572
   75NAP     H2 1344   2.742   2.170   7.699 -0.9988  1.2472  1.1537
   75NAP     H3 1345   2.544   1.796   7.733 -3.1676  1.6049 -0.8898
   75NAP     H4 1346   2.698   2.222   7.936 -0.0930  0.2719  0.7999
   75NAP     H5 1347   2.592   2.171   8.154  0.4483  0.2767 -0.7497
   75NAP     H6 1348   2.434   2.007   8.281  0.1767  1.1622  0.3303
   75NAP     H7 1349   2.391   1.795   8.183  0.9616  0.2951  0.6404
   75NAP     H8 1350   2.449   1.728   7.956 -1.1331  0.6347 -1.2428
   76NAP     C1 1351   1.782   2.545   7.608  0.4759  0.6057  0.0164
   76NAP     C2 1352   1.860   2.647   7.660  0.0722 -0.4416 -0.0214
   76NAP     C3 1353   1.838   2.687   7.793  0.1449  0.4585  0.0602
   76NAP     C4 1354   1.731   2.645   8.011  0.6932  0.5805 -0.1216
   76NAP     C5 1355   1.644   2.573   8.091 -0.1026  0.6874  0.0271
   76NAP     C6 1356   1.695   2.475   7.685 -0.1282  0.5499 -0.0105
   76NAP     C7 1357   1.586   2.459   8.038 -0.0161 -0.1821 -1.0427
   76NAP     C8 1358   1.752   2.618   7.877 -0.0567 -0.3187 -0.2663
   76NAP     C9 1359   1.683   2.508   7.824  0.2491  0.6932  0.9094
   76NAP    C10 1360   1.608   2.427   7.908  0.7507  0.3834  0.2468
   76NAP     H1 1361   1.789   2.533   7.500  0.3306  0.3559  0.0327
   76NAP     H2 1362   1.918   2.699   7.585 -1.2351 -1.8235 -2.1062
   76NAP     H3 1363   1.638   2.394   7.638 -0.0321  0.4951 -0.0317
   76NAP     H4 1364   1.895   2.769   7.837  0.6201 -1.8092  4.1813
   76NAP     H5 1365   1.773   2.738   8.049 -0.0179  1.4309 -1.3261
   76NAP     H6 1366   1.624   2.598   8.195  2.6104 -3.4976  1.8691
   76NAP     H7 1367   1.514   2.395   8.090  0.8809 -2.2554 -2.2098
   76NAP     H8 1368   1.560   2.338   7.868  2.3975 -0.4995  0.1494
   77NAP     C1 1369   1.232   1.210   8.018  0.3047 -0.2237 -0.5837
   77NAP     C2 1370   1.255   1.076   8.056 -0.5574 -0.1597  0.2520
   77NAP     C3 1371   1.314   0.982   7.966  0.3586  0.4350 -0.1146
   77NAP     C4 1372   1.406   0.943   7.756 -0.7744  0.3053  0.1511
   77NAP     C5 1373   1.441   0.979   7.628  0.6400 -0.0306 -0.2152
   77NAP     C6 1374   1.254   1.245   7.888 -0.3377 -0.1991 -0.2102
   77NAP     C7 1375   1.422   1.109   7.587  0.6860  0.0943 -0.0172
   77NAP     C8 1376   1.339   1.027   7.839  0.8894  0.4843  0.4077
   77NAP     C9 1377   1.310   1.154   7.794 -0.2061 -1.2304 -0.3797
   77NAP    C10 1378   1.352   1.193   7.670  0.0321  0.3774  0.2800
   77NAP     H1 1379   1.185   1.277   8.090  2.5525  0.1494  0.6276
   77NAP     H2 1380   1.237   1.047   8.159  0.5395 -2.4524 -0.1368
   77NAP     H3 1381   1.238   1.348   7.857 -1.9358 -0.8003 -1.5419
   77NAP     H4 1382   1.341   0.883   8.004 -1.8689 -1.1171 -2.2465
   77NAP     H5 1383   1.421   0.838   7.779 -2.5040  0.2310  1.1130
   77NAP     H6 1384   1.485   0.914   7.554 -0.3769  1.2986 -2.0642
   77NAP     H7 1385   1.454   1.147   7.490  0.9071  1.5734  0.6096
   77NAP     H8 1386   1.324   1.293   7.637 -1.1273  0.2679  0.8760
   78NAP     C1 1387   1.237   1.822   8.020  0.1800  0.2802  0.0356
   78NAP     C2 1388   1.293   1.707   8.068 -0.3726 -0.0909 -0.6431
   78NAP     C3 1389   1.351   1.617   7.982 -0.0894 -0.6078  0.3524
   78NAP     C4 1390   1.429   1.562   7.757 -0.3358 -0.7274 -0.7290
   78NAP     C5 1391   1.433   1.594   7.620 -0.7216  0.7576  0.6254
   78NAP     C6 1392   1.237   1.852   7.884 -0.0492  0.2572  0.2403
   78NAP     C7 1393   1.368   1.701   7.572 -0.7459  0.1968  1.1977
   78NAP     C8 1394   1.365   1.650   7.848 -0.2849 -0.3013  0.0794
   78NAP     C9 1395   1.303   1.768   7.797  0.3658  0.1335  0.3010
   78NAP    C10 1396   1.301   1.787   7.658 -0.2859  0.1438  0.0503
   78NAP     H1 1397   1.173   1.881   8.085  0.6869 -0.4314  1.2245
   78NAP     H2 1398   1.289   1.689   8.175  0.1996 -0.8883 -0.7489
   78NAP     H3 1399   1.192   1.947   7.854  0.8476  0.8185  0.6411
   78NAP     H4 1400   1.396   1.527   8.023 -0.2701 -0.1902  1.5095
   78NAP     H5 1401   1.473   1.473   7.802 -0.5804  0.1339  1.3184
   78NAP     H6 1402   1.485   1.535   7.546 -0.7714  1.2115  0.2232
   78NAP     H7 1403   1.372   1.725   7.466 -1.9149 -1.0009  0.8524
   78NAP     H8 1404   1.251   1.874   7.616 -1.6061  0.1981  1.6451
   79NAP     C1 1405   2.009   2.368   8.059 -0.4768 -0.0729 -0.4221
   79NAP     C2 1406   2.055   2.246   8.114  0.3352 -0.5600  0.0697
   79NAP     C3 1407   2.151   2.179   8.041  0.2663  0.0196 -0.3943
   79NAP     C4 1408   2.284   2.144   7.847  0.7257  0.8987 -0.3034
   79NAP     C5 1409   2.336   2.188   7.726  1.2680  0.3600  0.5099
   79NAP     C6 1410   2.040   2.406   7.929 -0.4361 -0.2588 -0.0798
   79NAP     C7 1411   2.273   2.295   7.659  0.2059  0.1925 -0.3412
   79NAP     C8 1412   2.186   2.218   7.913  0.0438  0.9317 -0.9687
   79NAP     C9 1413   2.128   2.331   7.850 -0.3533 -0.1290  0.0932
   79NAP    C10 1414   2.175   2.371   7.724  0.2707  0.3105  0.6062
   79NAP     H1 1415   1.946   2.423   8.128  0.8381  0.4183  0.4370
   79NAP     H2 1416   2.038   2.225   8.219  0.2254  0.4634  0.2710
   79NAP     H3 1417   1.989   2.490   7.884  0.1383  0.8112  1.1824
   79NAP     H4 1418   2.187   2.082   8.074 -1.1070 -0.1566  0.6654
   79NAP     H5 1419   2.321   2.052   7.891 -2.3355 -0.5805 -0.5747
   79NAP     H6 1420   2.411   2.130   7.673  1.5751  0.2731  1.0277
   79NAP     H7 1421   2.301   2.320   7.557  1.3018 -1.4715 -0.4940
   79NAP     H8 1422   2.138   2.467   7.688  0.0791  0.2563  0.6602
   80NAP     C1 1423   0.125   2.018   7.596  0.2168 -0.5355 -0.6060
   80NAP     C2 1424   0.173   2.128   7.662  0.3581  0.0949  0.0158
   80NAP     C3 1425   0.156   2.150   7.802 -0.3736  0.0691 -1.0543
   80NAP     C4 1426   0.079   2.068   8.016 -0.0909  0.0834  0.1439
   80NAP     C5 1427   0.026   1.962   8.087 -0.7132 -0.2257 -0.6907
   80NAP     C6 1428   0.055   1.929   7.678 -0.3662 -0.6390  0.3888
   80NAP     C7 1429   3.251   1.852   8.028 -0.6236 -0.0942  0.5529
   80NAP     C8 1430   0.091   2.054   7.881  0.4746 -0.2684  0.0548
   80NAP     C9 1431   0.040   1.939   7.814 -0.1644  0.9057 -0.1921
   80NAP    C10 1432   3.255   1.848   7.888 -0.1268 -0.6662 -0.0697
   80NAP     H1 1433   0.154   2.002   7.492  0.5598  0.6852 -0.7180
   80NAP     H2 1434   0.236   2.200   7.611  0.3079 -0.6384 -1.1316
   80NAP     H3 1435   0.001   1.849   7.628 -2.3795  0.7869  0.1682
   80NAP     H4 1436   0.194   2.241   7.847 -1.3963  0.4308 -0.8922
   80NAP     H5 1437   0.125   2.151   8.068 -1.8844  1.0063  0.3254
   80NAP     H6 1438   0.020   1.980   8.194  1.2698 -1.7444 -0.2596
   80NAP     H7 1439   3.205   1.772   8.086  0.3955 -2.1087 -1.2392
   80NAP     H8 1440   3.208   1.763   7.838 -1.6581  0.0520  0.0929
   81NAP     C1 1441   1.809   1.970   7.621  0.7248  1.1744  0.2053
   81NAP     C2 1442   1.858   2.092   7.651 -0.3654 -0.1273  0.0391
   81NAP     C3 1443   1.833   2.144   7.780 -0.3573  0.2376 -0.3394
   81NAP     C4 1444   1.738   2.116   8.001 -0.5989 -0.2354  0.5639
   81NAP     C5 1445   1.673   2.039   8.093 -0.7028 -0.9749  0.5234
   81NAP     C6 1446   1.746   1.884   7.713  0.4057 -0.6906 -0.1981
   81NAP     C7 1447   1.620   1.912   8.059  0.7436 -0.5526  0.2799
   81NAP     C8 1448   1.768   2.067   7.874  0.1186 -0.2015  0.1043
   81NAP     C9 1449   1.720   1.937   7.842  0.0146  0.0044 -0.4409
   81NAP    C10 1450   1.644   1.866   7.932  0.0139 -0.5011  0.8151
   81NAP     H1 1451   1.822   1.931   7.520  1.2046  1.6464  0.0854
   81NAP     H2 1452   1.907   2.150   7.573  2.3119 -1.6236  0.4819
   81NAP     H3 1453   1.712   1.787   7.680 -1.4104 -0.2539  0.2598
   81NAP     H4 1454   1.872   2.242   7.805 -0.6962  0.7189 -1.6674
   81NAP     H5 1455   1.766   2.218   8.023  2.1890 -0.6757 -0.4429
   81NAP     H6 1456   1.655   2.084   8.190 -1.9329  1.0567 -0.5621
   81NAP     H7 1457   1.576   1.847   8.134 -0.2429 -0.6056 -0.3349
   81NAP     H8 1458   1.619   1.762   7.911  1.3949 -0.6128 -0.4983
   82NAP     C1 1459   1.989   0.597   8.046  0.3302  0.2348  0.7606
   82NAP     C2 1460   2.045   0.480   8.101  0.0596 -0.3316 -0.1357
   82NAP     C3 1461   2.133   0.397   8.032 -0.3259  0.4614 -0.2203
   82NAP     C4 1462   2.242   0.343   7.815  0.1093 -0.5182 -0.5834
   82NAP     C5 1463   2.274   0.387   7.687  0.0395  1.3436 -0.0177
   82NAP     C6 1464   2.018   0.624   7.915 -0.5205 -0.0755 -0.2408
   82NAP     C7 1465   2.208   0.499   7.633  0.4551  0.0286  0.3865
   82NAP     C8 1466   2.162   0.430   7.896  0.2209 -0.0094 -0.8127
   82NAP     C9 1467   2.106   0.546   7.838 -0.2891  0.2695 -0.1496
   82NAP    C10 1468   2.124   0.574   7.705 -0.0120  0.1657  1.2408
   82NAP     H1 1469   1.926   0.659   8.110 -0.6401 -1.2016  1.2327
   82NAP     H2 1470   2.014   0.466   8.204 -1.9132  0.4034 -0.5815
   82NAP     H3 1471   1.983   0.717   7.871 -0.9754 -0.2267 -0.2047
   82NAP     H4 1472   2.169   0.304   8.075  1.2163  0.1267 -2.1032
   82NAP     H5 1473   2.271   0.244   7.849 -2.0692 -1.6677 -1.7770
   82NAP     H6 1474   2.343   0.330   7.626 -1.3738  0.8838 -1.2628
   82NAP     H7 1475   2.231   0.522   7.529  1.3706  0.5711  0.6963
   82NAP     H8 1476   2.075   0.661   7.662  2.2411  2.4892  3.0249
   83NAP     C1 1477   2.845   1.780   8.047  0.6719 -0.4679 -0.8819
   83NAP     C2 1478   2.867   1.654   8.110 -0.5697 -0.2049  0.5592
   83NAP     C3 1479   2.944   1.561   8.041  0.6939  0.7805 -0.2351
   83NAP     C4 1480   3.045   1.481   7.832 -0.0474  0.5162  0.5431
   83NAP     C5 1481   3.081   1.507   7.697 -0.4272 -0.2081 -0.0861
   83NAP     C6 1482   2.889   1.801   7.918 -0.1369  0.5214  0.0109
   83NAP     C7 1483   3.029   1.622   7.636  0.5119 -0.3978 -0.0739
   83NAP     C8 1484   2.971   1.577   7.905  0.0814 -0.1419 -0.3983
   83NAP     C9 1485   2.946   1.703   7.848 -0.5467  0.3599  0.5486
   83NAP    C10 1486   2.964   1.723   7.714  0.2681 -0.4798 -0.6042
   83NAP     H1 1487   2.787   1.856   8.099 -0.8439 -0.1338 -2.9402
   83NAP     H2 1488   2.832   1.631   8.210 -1.2660  0.6589  0.5311
   83NAP     H3 1489   2.863   1.892   7.864 -1.1665 -0.1333 -0.6386
   83NAP     H4 1490   2.971   1.472   8.097 -2.3769 -0.7177 -0.9199
   83NAP     H5 1491   3.091   1.396   7.882 -1.0061 -0.4679 -0.2117
   83NAP     H6 1492   3.146   1.432   7.653  2.1630  2.2554 -0.7541
   83NAP     H7 1493   3.052   1.638   7.531 -1.3156 -2.2154 -0.8018
   83NAP     H8 1494   2.929   1.818   7.674 -2.1723  0.2291  2.8048
   84NAP     C1 1495   2.642   1.359   7.620  0.7754 -0.4313 -0.8842
   84NAP     C2 1496   2.676   1.478   7.670 -0.1101  0.5094 -0.5854
   84NAP     C3 1497   2.663   1.514   7.801 -0.0861  1.0758 -0.7911
   84NAP     C4 1498   2.595   1.451   8.031 -0.0636  0.5049  0.0626
   84NAP     C5 1499   2.521   1.365   8.111 -0.1744 -0.1133  0.4731
   84NAP     C6 1500   2.582   1.275   7.713 -0.1202  1.0921  0.6329
   84NAP     C7 1501   2.473   1.246   8.065  0.0061 -0.0601 -1.2384
   84NAP     C8 1502   2.616   1.426   7.894  0.6933  0.0322 -0.2358
   84NAP     C9 1503   2.570   1.301   7.846 -0.4731 -0.0079  0.2677
   84NAP    C10 1504   2.500   1.209   7.934 -0.3104  0.0783  0.3725
   84NAP     H1 1505   2.677   1.333   7.520  0.2373 -0.8105 -0.9782
   84NAP     H2 1506   2.730   1.550   7.608  0.7736  1.8277  1.5976
   84NAP     H3 1507   2.545   1.182   7.669  2.3699  0.1129  0.4480
   84NAP     H4 1508   2.681   1.617   7.831 -2.2007  1.0672  0.7737
   84NAP     H5 1509   2.618   1.546   8.079 -1.4225 -0.3469  2.6220
   84NAP     H6 1510   2.500   1.395   8.214  0.6328  1.1032  0.3034
   84NAP     H7 1511   2.420   1.177   8.131  0.2850 -0.2012 -1.1599
   84NAP     H8 1512   2.459   1.115   7.898  0.2176  0.0563 -0.1747
   85NAP     C1 1513   1.275   0.364   8.068 -0.2120 -0.1881  0.1063
   85NAP     C2 1514   1.364   0.272   8.007 -0.2378  0.2110 -0.0161
   85NAP     C3 1515   1.421   0.306   7.882  0.2948 -0.1073  0.2305
   85NAP     C4 1516   1.410   0.442   7.673  0.2250  0.0298  0.0411
   85NAP     C5 1517   1.359   0.554   7.604  0.3861  0.1378  0.3163
   85NAP     C6 1518   1.227   0.476   7.994 -0.8317 -0.3067 -0.1003
   85NAP     C7 1519   1.268   0.637   7.672  0.3841 -0.0638  1.0575
   85NAP     C8 1520   1.373   0.419   7.807  0.0306 -0.8123  0.0445
   85NAP     C9 1521   1.283   0.506   7.869 -0.1724 -0.2510  0.6361
   85NAP    C10 1522   1.229   0.612   7.800 -0.0117  0.2573 -0.2368
   85NAP     H1 1523   1.220   0.334   8.157 -0.0985  1.0011  0.5975
   85NAP     H2 1524   1.386   0.172   8.043 -0.5093 -0.4605 -1.6040
   85NAP     H3 1525   1.147   0.539   8.031 -1.8075 -0.8297 -1.2544
   85NAP     H4 1526   1.478   0.230   7.830 -0.3277  1.2989 -2.6765
   85NAP     H5 1527   1.473   0.369   7.624  0.8887 -1.5650  3.0257
   85NAP     H6 1528   1.397   0.578   7.505 -1.5798  1.1706 -0.2498
   85NAP     H7 1529   1.228   0.728   7.628 -1.0855 -1.1535  0.0316
   85NAP     H8 1530   1.158   0.676   7.851 -0.4068 -0.3911  0.0354
   86NAP     C1 1531   0.948   1.949   7.623 -0.6626 -0.5170 -0.1437
   86NAP     C2 1532   0.988   2.072   7.671 -0.3282 -0.1014 -0.4411
   86NAP     C3 1533   0.976   2.116   7.807  0.2845  0.0294  0.4880
   86NAP     C4 1534   0.889   2.061   8.022  0.0475 -0.2913 -0.1127
   86NAP     C5 1535   0.825   1.970   8.112  0.1743 -0.8769  0.2343
   86NAP     C6 1536   0.895   1.860   7.712  0.5542 -0.2314 -1.0344
   86NAP     C7 1537   0.780   1.846   8.063 -0.2599  0.0088 -0.0723
   86NAP     C8 1538   0.914   2.025   7.892 -0.3595 -0.3450 -0.1025
   86NAP     C9 1539   0.870   1.896   7.846  0.2204 -0.1958  0.3019
   86NAP    C10 1540   0.805   1.811   7.931  0.2429 -0.2994  0.0603
   86NAP     H1 1541   0.972   1.917   7.522  0.0587  0.4671 -0.2945
   86NAP     H2 1542   1.033   2.144   7.602 -0.5443 -0.4471 -0.9518
   86NAP     H3 1543   0.865   1.759   7.683  0.0210 -0.6810  0.9010
   86NAP     H4 1544   1.020   2.210   7.839  0.4590 -0.6699  2.4427
   86NAP     H5 1545   0.929   2.159   8.049  0.8141 -0.7135  0.3031
   86NAP     H6 1546   0.816   1.996   8.217  1.6097 -0.4867  0.2842
   86NAP     H7 1547   0.733   1.765   8.119  0.4822 -0.7491 -0.5107
   86NAP     H8 1548   0.767   1.718   7.889 -0.5469  1.4831 -3.5737
   87NAP     C1 1549   0.363   0.579   8.108 -0.0103  0.4706 -0.2380
   87NAP     C2 1550   0.415   0.454   8.150 -0.0005 -0.6671  0.3038
   87NAP     C3 1551   0.492   0.382   8.058 -0.1318 -0.0825 -0.7853
   87NAP     C4 1552   0.587   0.355   7.837  0.2116 -0.4049 -0.1002
   87NAP     C5 1553   0.603   0.404   7.707 -0.1813  0.0360  0.8669
   87NAP     C6 1554   0.392   0.631   7.980 -0.1432  0.4783 -0.3421
   87NAP     C7 1555   0.548   0.529   7.671 -0.1920  0.1499  0.2166
   87NAP     C8 1556   0.517   0.433   7.933 -0.3210 -0.1291 -0.0899
   87NAP     C9 1557   0.466   0.558   7.894  0.3257 -0.4624 -0.3198
   87NAP    C10 1558   0.495   0.612   7.770  0.1169  0.2898  0.4201
   87NAP     H1 1559   0.320   0.642   8.185  1.0022 -1.3880  1.9796
   87NAP     H2 1560   0.401   0.424   8.254 -0.6762  1.5567  0.9095
   87NAP     H3 1561   0.362   0.730   7.947  0.4803  1.2016  1.1482
   87NAP     H4 1562   0.533   0.286   8.088 -0.4723 -0.6345 -2.0082
   87NAP     H5 1563   0.627   0.257   7.865  3.2319  0.7763  0.0470
   87NAP     H6 1564   0.654   0.353   7.626 -0.9299  1.4293 -0.5719
   87NAP     H7 1565   0.565   0.567   7.571  0.7889 -0.3918  0.1666
   87NAP     H8 1566   0.446   0.705   7.742 -0.8144 -0.1880  0.4377
   88NAP     C1 1567   0.170   1.340   7.611  0.4344 -0.3538  0.4036
   88NAP     C2 1568   0.179   1.475   7.646 -0.3104 -0.8471 -0.0314
   88NAP     C3 1569   0.149   1.513   7.776  0.1165  0.1625 -0.1312
   88NAP     C4 1570   0.045   1.465   7.986 -1.1518  0.4423  1.0391
   88NAP     C5 1571   3.284   1.371   8.081  0.0831 -0.6970  0.1604
   88NAP     C6 1572   0.112   1.248   7.696  0.0687  0.1282  0.4250
   88NAP     C7 1573   3.270   1.242   8.038 -0.5763  0.6666  0.1486
   88NAP     C8 1574   0.090   1.421   7.858 -0.3114  0.0990 -0.5762
   88NAP     C9 1575   0.070   1.290   7.819 -0.5962  0.4992 -0.0858
   88NAP    C10 1576   0.010   1.201   7.901  0.1641  0.9179 -0.6245
   88NAP     H1 1577   0.206   1.311   7.513  1.0660  0.9079  0.2352
   88NAP     H2 1578   0.216   1.550   7.577 -1.7701 -0.4301 -0.4118
   88NAP     H3 1579   0.097   1.147   7.659  0.1298  0.9166 -1.8994
   88NAP     H4 1580   0.159   1.618   7.801 -1.7528  0.2290  0.5103
   88NAP     H5 1581   0.066   1.567   8.016 -2.7794 -0.0572  4.4018
   88NAP     H6 1582   3.260   1.406   8.181  0.6400 -2.8816  1.1087
   88NAP     H7 1583   3.220   1.168   8.099  0.9703 -1.2678 -0.8282
   88NAP     H8 1584   3.284   1.100   7.864 -0.6764  1.2295 -1.2161
   89NAP     C1 1585   2.022   1.783   8.092  0.7300  0.8033 -0.7082
   89NAP     C2 1586   2.064   1.657   8.129 -0.3148 -0.2924  0.8330
   89NAP     C3 1587   2.139   1.575   8.041  0.3942  0.5467  0.0875
   89NAP     C4 1588   2.254   1.550   7.835  0.2430 -0.3917  0.4071
   89NAP     C5 1589   2.292   1.595   7.703 -0.0263  0.0409  0.8983
   89NAP     C6 1590   2.059   1.838   7.969  0.7610  0.1082  0.3511
   89NAP     C7 1591   2.250   1.719   7.667  0.9623  0.3916 -0.1472
   89NAP     C8 1592   2.178   1.627   7.921  0.0934  0.2968  0.0720
   89NAP     C9 1593   2.136   1.757   7.883 -0.1521  0.2816 -0.3811
   89NAP    C10 1594   2.174   1.805   7.756  0.1245  0.0733 -0.3312
   89NAP     H1 1595   1.945   1.827   8.155 -0.8152 -1.9189 -0.5271
   89NAP     H2 1596   2.028   1.610   8.220 -0.6224  0.1813  0.9600
   89NAP     H3 1597   2.020   1.931   7.930  2.3372  0.1762 -1.1925
   89NAP     H4 1598   2.168   1.475   8.075  0.3093  0.5694  0.2297
   89NAP     H5 1599   2.285   1.451   7.867 -0.1209 -0.5630  0.2347
   89NAP     H6 1600   2.349   1.528   7.639 -1.1576 -0.8206  0.7565
   89NAP     H7 1601   2.285   1.766   7.576  1.1275 -0.6384 -0.6308
   89NAP     H8 1602   2.137   1.899   7.717 -1.8059 -1.1111 -1.4761
   90NAP     C1 1603   0.131   2.560   7.613 -0.9339  0.1737 -0.0218
   90NAP     C2 1604   0.193   2.678   7.649 -0.5424 -0.2361  0.3701
   90NAP     C3 1605   0.183   2.719   7.781 -0.4478 -0.1792  0.0014
   90NAP     C4 1606   0.079   2.696   8.007 -0.3315  0.0086  0.0519
   90NAP     C5 1607   0.021   2.612   8.106  0.5335 -0.0917  0.2083
   90NAP     C6 1608   0.061   2.477   7.706  0.1723  0.2629  0.3757
   90NAP     C7 1609   3.258   2.489   8.066  0.2701  0.7581 -0.4236
   90NAP     C8 1610   0.105   2.649   7.874  0.6608  0.1643  0.2841
   90NAP     C9 1611   0.048   2.522   7.838  0.2355 -0.3358  0.2767
   90NAP    C10 1612   3.270   2.442   7.932 -0.8333 -0.1721  0.0715
   90NAP     H1 1613   0.156   2.518   7.515 -1.1895  0.4006 -0.1850
   90NAP     H2 1614   0.262   2.731   7.584  0.9224 -0.9957  1.2399
   90NAP     H3 1615   0.017   2.382   7.677  0.4457  0.1487  0.3349
   90NAP     H4 1616   0.232   2.813   7.808  1.3365 -0.3509 -2.2867
   90NAP     H5 1617   0.114   2.794   8.038 -1.4951  0.2435  0.6714
   90NAP     H6 1618   0.012   2.646   8.208  0.3681 -0.5611  0.3548
   90NAP     H7 1619   3.207   2.425   8.138  2.1245 -0.4320 -0.0982
   90NAP     H8 1620   3.234   2.346   7.897  0.1207 -0.0794 -1.2571
   91NAP     C1 1621   2.590   0.172   7.678 -0.7731 -0.0734 -0.0036
   91NAP     C2 1622   2.635   0.289   7.729  0.6810 -0.3588  0.3936
   91NAP     C3 1623   2.619   0.330   7.856  0.3289 -0.2539  0.0579
   91NAP     C4 1624   2.548   0.273   8.077 -0.4213 -0.0161  0.2033
   91NAP     C5 1625   2.477   0.187   8.162 -0.6224  0.7764 -0.5180
   91NAP     C6 1626   2.513   0.087   7.758 -0.3472  0.4722 -0.8003
   91NAP     C7 1627   2.428   0.066   8.120 -0.6486 -0.8566 -0.3645
   91NAP     C8 1628   2.559   0.240   7.945  0.1823 -0.3346 -0.1393
   91NAP     C9 1629   2.506   0.119   7.898 -0.2127  0.3295  0.5270
   91NAP    C10 1630   2.442   0.036   7.984 -0.2964  0.2604  1.1147
   91NAP     H1 1631   2.616   0.154   7.574 -0.3027 -2.3352  0.4604
   91NAP     H2 1632   2.681   0.358   7.658  1.3300 -1.3414 -0.1619
   91NAP     H3 1633   2.471   2.976   7.728  1.5963 -1.8623  3.0883
   91NAP     H4 1634   2.653   0.430   7.882 -1.5424  0.5496 -0.4013
   91NAP     H5 1635   2.592   0.366   8.114  1.0031 -0.3203 -0.6499
   91NAP     H6 1636   2.465   0.207   8.268 -2.5218 -2.7023  0.0735
   91NAP     H7 1637   2.383   2.984   8.193 -1.9761  2.5369  2.1958
   91NAP     H8 1638   2.398   2.929   7.945  1.8525 -0.9766  1.4425
   92NAP     C1 1639   2.644   2.542   7.679  0.4124 -0.4438  0.0059
   92NAP     C2 1640   2.669   2.677   7.716  0.2307 -0.6116  0.2227
   92NAP     C3 1641   2.633   2.733   7.839  0.6939  0.2472 -0.9335
   92NAP     C4 1642   2.526   2.695   8.055  0.1476  0.2715  1.2464
   92NAP     C5 1643   2.452   2.618   8.144 -0.3036  0.3814 -0.3674
   92NAP     C6 1644   2.582   2.462   7.774 -0.3168  0.0313 -0.2616
   92NAP     C7 1645   2.433   2.485   8.111  0.2043 -0.0965 -0.5264
   92NAP     C8 1646   2.569   2.642   7.930 -0.1784 -0.3310  0.4094
   92NAP     C9 1647   2.537   2.509   7.896  0.6632 -0.3880 -0.0358
   92NAP    C10 1648   2.470   2.432   7.987 -0.4436  0.4822  0.7699
   92NAP     H1 1649   2.666   2.508   7.578  0.7740  0.6899 -0.3161
   92NAP     H2 1650   2.720   2.739   7.643 -1.4568  0.5394 -0.0328
   92NAP     H3 1651   2.554   2.360   7.749 -1.6031  0.3155 -0.0352
   92NAP     H4 1652   2.650   2.837   7.867 -0.5538  0.1460  0.2994
   92NAP     H5 1653   2.543   2.797   8.090 -2.2346  0.9955  0.5216
   92NAP     H6 1654   2.414   2.656   8.238  0.6590  0.3301  0.0606
   92NAP     H7 1655   2.371   2.421   8.174 -1.7931  1.6203 -0.6268
   92NAP     H8 1656   2.425   2.339   7.953  0.4506  0.6027 -0.8150
   93NAP     C1 1657   2.884   1.183   8.076 -0.0905  0.0715  0.3507
   93NAP     C2 1658   2.928   1.055   8.111  0.8186 -0.6965 -0.1169
   93NAP     C3 1659   2.997   0.970   8.030  0.5025 -0.3898  0.1828
   93NAP     C4 1660   3.044   0.908   7.795  0.4516 -0.4668  0.5424
   93NAP     C5 1661   3.053   0.945   7.658 -0.6645 -0.4394  0.0275
   93NAP     C6 1662   2.896   1.218   7.940  0.2214  0.0288  0.4842
   93NAP     C7 1663   3.012   1.071   7.623  0.0238 -0.8107  0.3411
   93NAP     C8 1664   2.999   1.003   7.894 -0.3043  0.7346 -0.2587
   93NAP     C9 1665   2.954   1.128   7.849  0.5472  0.4487 -0.0582
   93NAP    C10 1666   2.966   1.160   7.714  0.9738  0.2621  0.3847
   93NAP     H1 1667   2.842   1.250   8.150  0.3165 -0.3882  1.0114
   93NAP     H2 1668   2.914   1.033   8.217 -2.6030  2.0492  0.2129
   93NAP     H3 1669   2.856   1.310   7.899 -2.6247 -0.9196  0.9108
   93NAP     H4 1670   3.035   0.872   8.055 -0.2120 -1.1612 -1.6002
   93NAP     H5 1671   3.086   0.813   7.829  1.8081  0.7901  2.5613
   93NAP     H6 1672   3.096   0.880   7.582 -0.0874 -0.7102  0.5776
   93NAP     H7 1673   3.020   1.099   7.518  0.9228  0.0914  0.6392
   93NAP     H8 1674   2.937   1.262   7.688 -1.2825 -0.6917 -1.1384
   94NAP     C1 1675   1.195   2.907   8.033  0.3677  0.2850  0.1349
   94NAP     C2 1676   1.259   2.790   8.054  0.1313 -0.5090 -0.1636
   94NAP     C3 1677   1.353   2.753   7.951  0.3120  0.2488 -0.5511
   94NAP     C4 1678   1.440   2.765   7.732 -0.4426  0.1316 -0.3660
   94NAP     C5 1679   1.462   2.827   7.609 -0.5726  0.4055  0.1207
   94NAP     C6 1680   1.215   0.002   7.918 -0.1280 -0.2054 -0.2385
   94NAP     C7 1681   1.399   2.953   7.600  0.0641  0.4220 -0.2047
   94NAP     C8 1682   1.366   2.821   7.834  0.4934 -0.3969  0.7242
   94NAP     C9 1683   1.296   2.942   7.812  0.2461  0.5777  0.1580
   94NAP    C10 1684   1.312   0.023   7.692  0.1094  0.4149 -0.0707
   94NAP     H1 1685   1.129   2.946   8.111  0.8373  1.8383 -0.2100
   94NAP     H2 1686   1.263   2.728   8.144  4.1853  1.0547  0.9771
   94NAP     H3 1687   1.163   0.097   7.907 -1.9763 -1.2126 -0.4340
   94NAP     H4 1688   1.409   2.661   7.969 -0.8392  0.1353  3.4270
   94NAP     H5 1689   1.467   2.660   7.747 -1.9523  0.0006  2.0626
   94NAP     H6 1690   1.521   2.779   7.531 -2.1331 -0.3682 -0.6303
   94NAP     H7 1691   1.409   0.027   7.508 -1.8465  1.5175  0.2380
   94NAP     H8 1692   1.257   0.116   7.672 -3.4316 -1.2199  1.1426
   95NAP     C1 1693   2.023   1.197   8.017 -0.0627  0.5693 -0.0704
   95NAP     C2 1694   2.033   1.064   8.055 -0.0534 -0.2575  0.2417
   95NAP     C3 1695   2.111   0.980   7.980 -0.2051 -0.4910  0.8821
   95NAP     C4 1696   2.220   0.924   7.778 -0.2539  0.3076  0.2811
   95NAP     C5 1697   2.258   0.961   7.647  0.1712 -0.8965 -0.1336
   95NAP     C6 1698   2.075   1.248   7.897 -0.1379  0.0701  0.7166
   95NAP     C7 1699   2.246   1.095   7.605  0.5991 -0.2000  0.5429
   95NAP     C8 1700   2.161   1.016   7.860  0.5692  0.2588  0.8742
   95NAP     C9 1701   2.143   1.149   7.818 -0.0677  0.3288 -0.3313
   95NAP    C10 1702   2.195   1.189   7.692 -0.2867  0.1432 -0.2255
   95NAP     H1 1703   1.972   1.267   8.082  0.6277  0.0031  1.0983
   95NAP     H2 1704   1.985   1.023   8.144 -1.0312 -0.0875 -0.1997
   95NAP     H3 1705   2.056   1.351   7.868 -0.2501  0.2589  1.4471
   95NAP     H4 1706   2.131   0.878   8.011 -1.6726 -0.5400  1.8068
   95NAP     H5 1707   2.242   0.822   7.808  1.5478  0.9516  1.3063
   95NAP     H6 1708   2.318   0.893   7.587  0.5306 -0.4464 -0.2892
   95NAP     H7 1709   2.284   1.128   7.509 -0.4587  0.8295  0.4549
   95NAP     H8 1710   2.183   1.291   7.656  0.3887 -0.1119 -1.2086
   96NAP     C1 1711   2.845   0.563   8.077  0.2165  0.0406  0.0977
   96NAP     C2 1712   2.896   0.434   8.112 -0.4658  0.3551  0.3026
   96NAP     C3 1713   2.968   0.361   8.020 -0.6153 -0.2685 -0.2121
   96NAP     C4 1714   3.038   0.328   7.792 -0.3821  0.7018 -0.0247
   96NAP     C5 1715   3.077   0.385   7.668  0.8153  0.0716 -0.6227
   96NAP     C6 1716   2.856   0.607   7.946  0.2508 -0.4173 -0.0893
   96NAP     C7 1717   3.035   0.512   7.632 -0.0686  0.5491 -0.2187
   96NAP     C8 1718   2.978   0.407   7.888 -0.4434  0.3232  0.3729
   96NAP     C9 1719   2.925   0.525   7.850 -0.0202  0.0850  0.4782
   96NAP    C10 1720   2.944   0.574   7.722  0.8308  0.6867  1.0219
   96NAP     H1 1721   2.793   0.620   8.153  1.0502 -0.0911  0.7866
   96NAP     H2 1722   2.894   0.394   8.213  1.4487 -2.5256 -0.6540
   96NAP     H3 1723   2.824   0.708   7.920 -1.5617 -0.7733  0.6053
   96NAP     H4 1724   3.013   0.265   8.043 -0.7547 -0.5237 -0.9598
   96NAP     H5 1725   3.074   0.229   7.817  1.0722  1.1724 -0.1940
   96NAP     H6 1726   3.152   0.338   7.606  1.3483  0.9299 -0.6440
   96NAP     H7 1727   3.070   0.564   7.543 -0.3064  0.3980 -0.4044
   96NAP     H8 1728   2.909   0.668   7.680  0.5986 -0.2580 -1.0403
   97NAP     C1 1729   0.143   0.772   7.676 -0.1820  0.1336 -0.6884
   97NAP     C2 1730   0.199   0.877   7.743 -0.4149  0.2039 -0.4683
   97NAP     C3 1731   0.182   0.897   7.883 -0.0676  0.4608 -0.1686
   97NAP     C4 1732   0.076   0.824   8.092  0.9396 -0.2498  0.3476
   97NAP     C5 1733   0.000   0.726   8.158 -0.3430  0.2483  0.2327
   97NAP     C6 1734   0.067   0.680   7.745  0.5857  0.5767 -0.5109
   97NAP     C7 1735   3.238   0.613   8.091  0.4849  0.2312  0.3723
   97NAP     C8 1736   0.097   0.810   7.955 -0.0753  0.1725 -0.4576
   97NAP     C9 1737   0.043   0.699   7.884  0.1192  0.0918  0.0041
   97NAP    C10 1738   3.256   0.602   7.956 -0.4983  0.2152 -0.6659
   97NAP     H1 1739   0.165   0.750   7.572 -0.2438  1.4975 -1.0009
   97NAP     H2 1740   0.281   0.932   7.699 -0.1159 -0.0040 -0.1741
   97NAP     H3 1741   0.012   0.603   7.692 -0.4065  0.8234  0.1314
   97NAP     H4 1742   0.237   0.976   7.933 -0.2324  1.6973 -1.8274
   97NAP     H5 1743   0.118   0.912   8.141  1.0139 -0.1358  0.0822
   97NAP     H6 1744   3.274   0.714   8.266  0.1847 -1.0651  0.1628
   97NAP     H7 1745   3.189   0.531   8.142 -0.6062 -0.0566 -1.0604
   97NAP     H8 1746   3.213   0.517   7.903 -1.3947  0.6449 -0.6555
   98NAP     C1 1747   0.141   0.232   7.642  0.2035 -0.1490 -0.4615
   98NAP     C2 1748   0.193   0.344   7.701  0.1467 -0.4636 -0.1761
   98NAP     C3 1749   0.169   0.358   7.836 -0.1150 -0.1561 -0.8597
   98NAP     C4 1750   0.086   0.277   8.044  0.4572 -0.2854  0.2287
   98NAP     C5 1751   0.038   0.168   8.116 -0.5556  0.0047 -0.2168
   98NAP     C6 1752   0.075   0.129   7.710  1.0124  0.0923  0.7508
   98NAP     C7 1753   3.263   0.059   8.054 -0.2527 -0.1316 -0.1708
   98NAP     C8 1754   0.100   0.261   7.909  0.5438  0.2285  0.9251
   98NAP     C9 1755   0.050   0.150   7.848 -0.5975  0.9575 -0.3335
   98NAP    C10 1756   3.268   0.053   7.921 -0.7554  0.6542  0.5931
   98NAP     H1 1757   0.165   0.213   7.538  0.8746 -0.1584 -0.3089
   98NAP     H2 1758   0.256   0.412   7.644  2.3084 -1.5217  0.7917
   98NAP     H3 1759   0.046   0.033   7.669  2.9515 -0.4262  0.4959
   98NAP     H4 1760   0.200   0.447   7.891 -1.0806 -0.7040  0.6454
   98NAP     H5 1761   0.125   0.357   8.106  2.9759 -2.1894  1.2783
   98NAP     H6 1762   0.037   0.162   8.225  0.5720 -2.7883 -0.2690
   98NAP     H7 1763   3.194   2.978   8.105 -2.4994  0.4709 -2.2438
   98NAP     H8 1764   3.212   2.961   7.868  0.0552 -0.3832  1.1940
   3.28663   2.98478  16.65506
